600 3256 270 330
600 3076 270 330
600 2856 270 330
600 2636 270 330
601 2416 270 330
602 2196 270 330
603 1976 270 330
605 1756 270 328
609 1544 276 299
649 1360 290 264
724 1213 305 228
813 1101 309 205
902 999 317 200
1003 914 324 196
1114 847 336 191
1236 809 350 197
1370 792 0 215
1517 807 15 227
1663 862 30 245
1800 958 40 262
1936 1073 40 277
2080 1195 40 290
2229 1320 38 291
2383 1419 24 255
2535 1467 9 220
2675 1475 354 209
2816 1448 339 226
2955 1381 325 244
3084 1275 316 262
3214 1152 316 270
3344 1029 319 266
3488 931 333 249
3634 873 339 227
3778 831 351 222
3930 824 6 239
4088 841 6 235
4240 876 21 232
4381 947 35 248
4517 1049 37 266
4661 1158 37 275
4808 1265 30 270
4972 1336 15 266
5147 1365 0 270
5327 1356 353 269
5500 1316 339 256
5642 1243 324 220
5748 1147 312 212
5846 1040 315 230
5966 938 327 247
6112 865 341 243
6270 833 355 239
6429 827 5 237
6582 860 20 235
6727 929 34 253
6862 1038 42 271
6998 1161 42 284
7146 1283 31 289
7319 1365 19 285
7488 1441 32 262
7617 1543 46 227
7701 1656 61 191
7746 1770 76 185
7763 1896 91 203
7746 2034 106 220
7689 2169 121 218
7600 2287 136 228
7487 2396 136 246
7366 2513 136 264
7236 2637 136 278
7091 2758 144 290
6924 2860 153 299
6739 2940 163 308
6537 2981 176 313
6327 2984 183 317
6115 2972 183 322
5899 2962 180 326
5680 2960 180 330
5460 2958 180 330
5240 2956 180 330
5021 2954 180 327
4808 2953 180 300
4618 2951 180 271
4441 2949 180 247
4287 2959 168 213
4162 2999 153 183
4059 3063 141 179
3967 3137 136 174
3888 3220 126 170
3832 3318 111 172
3800 3432 96 190
3786 3563 96 207
3784 3705 85 221
3795 3851 85 217
3807 3999 79 229
3840 4152 76 234
3875 4302 76 217
3919 4433 64 204
3985 4550 52 199
4076 4645 37 195
4187 4715 22 205
4321 4757 9 223
4471 4776 359 235
4631 4761 350 253
4802 4732 350 270
4979 4685 340 283
5154 4609 331 294
5328 4520 338 290
5514 4471 353 286
5703 4471 7 282
5882 4516 22 265
6028 4596 36 230
6134 4697 51 216
6212 4819 66 227
6261 4967 76 245
6299 5130 76 262
6347 5302 66 277
6433 5467 59 278
6520 5629 68 270
6569 5792 75 244
6602 5950 81 240
6616 6114 88 257
6620 6288 88 262
6604 6460 103 248
6553 6606 113 219
6485 6734 125 215
6390 6839 140 210
6273 6915 155 215
6134 6964 170 232
5976 6985 173 250
5806 7006 173 268
5626 7028 174 281
5436 7042 176 292
5239 7056 176 301
5036 7070 176 309
4829 7084 176 314
4619 7099 178 318
4405 7104 178 323
4189 7108 178 327
3969 7113 178 330
3749 7111 181 330
3529 7105 181 330
3309 7098 181 330
3090 7102 177 330
2870 7111 177 330
2650 7115 180 330
2430 7114 180 330
2210 7113 180 330
1990 7112 180 330
1770 7111 183 330
1551 7090 190 330
1336 7043 197 330
1128 6972 205 330
936 6865 215 330
772 6721 229 321
658 6551 244 298
588 6364 258 306
560 6160 269 312
570 5952 276 316
595 5741 275 321
605 5526 271 325
610 5308 269 329
606 5088 268 330
602 4868 269 330
600 4648 269 330
600 4428 269 330
600 4209 270 330
600 3989 270 330
600 3769 270 330
600 3549 270 330
600 3360 270 330
