560 3024 90 330
560 3289 90 330
560 3509 90 330
550 3729 90 330
540 3949 90 330
530 4168 90 330
520 4388 90 330
510 4608 90 330
512 4828 91 330
510 5048 93 330
498 5268 93 330
486 5488 90 330
485 5708 90 330
484 5928 90 330
483 6148 90 330
482 6368 90 330
481 6588 90 328
480 6801 90 302
479 6992 90 267
487 7159 79 232
524 7302 74 215
573 7435 62 202
641 7544 53 185
718 7626 37 150
798 7674 22 136
885 7698 6 132
971 7698 351 127
1051 7675 335 123
1120 7634 320 118
1174 7577 304 123
1216 7502 289 140
1240 7408 274 158
1238 7298 259 176
1204 7182 244 188
1149 7065 251 206
1118 6928 266 215
1126 6786 281 211
1169 6654 296 206
1238 6547 311 171
1318 6476 326 163
1418 6423 341 180
1537 6396 356 193
1670 6393 5 210
1813 6414 10 228
1967 6442 10 246
2134 6465 2 263
2312 6474 359 275
2499 6457 345 291
2684 6391 331 300
2847 6278 316 294
2969 6136 302 272
3056 5973 293 289
3114 5791 279 283
3123 5604 264 281
3089 5416 250 294
3008 5236 236 303
2880 5077 223 310
2742 4926 234 296
2652 4762 249 261
2613 4604 264 226
2614 4461 279 209
2652 4328 294 204
2718 4216 309 178
2797 4139 324 156
2888 4087 339 166
3000 4058 354 184
3124 4050 357 196
3259 4045 357 214
3406 4038 357 231
3564 4032 357 248
3734 4029 0 266
3914 4026 356 278
4103 4015 0 292
4300 4016 0 301
4503 4018 0 309
4711 4020 0 314
4921 4021 0 318
5135 4023 0 322
5351 4025 0 327
5570 4027 0 330
5790 4028 0 330
6009 4043 11 328
6222 4088 11 324
6426 4141 21 298
6592 4230 36 263
6713 4342 50 229
6793 4468 65 221
6838 4607 80 217
6846 4753 95 228
6817 4906 110 245
6745 5055 124 250
6636 5179 136 246
6509 5280 146 241
6366 5351 161 237
6213 5383 176 232
6069 5376 191 196
5955 5340 206 161
5872 5286 221 141
5808 5215 237 154
5754 5122 240 171
5686 5026 225 180
5592 4953 209 176
5485 4907 194 180
5365 4880 188 193
5237 4869 182 191
5110 4872 170 195
4982 4907 155 200
4865 4975 140 207
4772 5070 125 184
4718 5168 110 155
4694 5267 95 150
4695 5369 79 160
4725 5475 64 177
4787 5580 51 190
4868 5683 51 207
4959 5792 45 225
5067 5903 45 242
5184 6021 45 260
5308 6147 45 273
5439 6280 45 290
5579 6417 41 298
5741 6536 31 307
5918 6643 31 313
6106 6734 16 317
6313 6782 9 322
6527 6808 5 326
6745 6829 5 330
6963 6850 5 327
7170 6868 4 292
7356 6861 349 269
7526 6810 335 264
7675 6719 320 260
7795 6595 305 262
7886 6442 291 280
7940 6260 278 294
7970 6064 278 302
7993 5861 272 310
8004 5653 272 315
8015 5443 270 319
8011 5229 268 323
8006 5012 268 328
8001 4792 270 330
8009 4572 272 330
8012 4352 268 330
8007 4132 268 330
8005 3912 271 330
8010 3692 271 330
8016 3472 271 330
8018 3252 268 330
8012 3032 268 330
8000 2813 262 330
7961 2596 255 330
7889 2389 241 330
7779 2199 238 330
7665 2010 238 330
7549 1824 233 330
7417 1648 233 330
7280 1476 227 330
7131 1314 227 330
6983 1151 227 330
6834 989 227 330
6680 833 217 330
6503 701 214 330
6316 587 209 330
6117 494 196 330
5902 448 187 330
5684 418 187 330
5466 388 187 330
5247 365 185 330
5028 346 185 330
4808 336 179 330
4588 338 179 330
4368 341 179 330
4148 343 179 330
3928 346 179 330
3708 356 175 330
3490 380 170 330
3273 415 170 330
3055 450 170 330
2837 476 175 330
2618 495 175 330
2398 502 185 330
2180 475 192 330
1966 422 196 330
1754 366 187 330
1575 357 185 330
1396 349 182 330
1177 360 168 330
967 423 154 330
779 536 139 330
624 692 125 330
512 880 111 330
450 1091 97 330
440 1310 86 330
455 1529 86 330
470 1749 88 330
485 1969 88 330
500 2189 89 330
515 2409 89 330
530 2629 90 330
550 2912 91 330
