3364 7472 180 330
3182 7476 179 330
2962 7482 179 330
2742 7490 179 328
2524 7505 179 323
2314 7520 179 298
2126 7531 189 263
1960 7485 199 255
1807 7414 212 251
1679 7309 227 246
1583 7177 242 251
1517 7019 255 268
1471 6842 259 282
1439 6655 266 287
1439 6465 275 283
1461 6279 282 278
1515 6103 292 274
1597 5941 304 269
1714 5807 319 265
1858 5708 333 260
2020 5649 348 260
2196 5629 2 276
2382 5652 11 289
2573 5689 7 298
2774 5702 1 307
2980 5702 357 313
3190 5687 355 317
3400 5659 347 322
3610 5607 345 326
3818 5540 340 330
4020 5454 328 330
4197 5324 317 330
4359 5175 317 330
4521 5026 318 330
4691 4887 324 330
4874 4766 334 330
5080 4688 348 330
5295 4643 348 330
5508 4591 338 330
5705 4493 324 330
5884 4366 320 330
6052 4224 314 330
6192 4055 303 330
6305 3866 293 330
6376 3658 284 330
6433 3446 286 330
6494 3235 286 323
6551 3038 286 288
6593 2862 278 252
6615 2705 272 226
6608 2555 261 222
6569 2414 246 208
6504 2303 231 177
6420 2222 215 173
6320 2166 200 177
6202 2133 185 195
6069 2132 170 212
5925 2158 169 228
5773 2186 172 242
5608 2202 175 260
5431 2217 175 275
5245 2232 175 288
5050 2241 178 297
4850 2247 178 306
4644 2254 178 312
4435 2261 178 316
4222 2268 178 321
4007 2275 178 325
3789 2282 178 330
3569 2289 178 330
3349 2296 178 330
3129 2295 180 330
2909 2291 180 330
2689 2288 180 330
2469 2284 180 330
2249 2280 180 330
2029 2276 180 330
1809 2272 180 330
1591 2269 180 325
1378 2265 180 302
1187 2246 191 273
1015 2192 205 269
865 2097 220 264
745 1970 234 260
662 1819 249 256
612 1657 253 251
574 1495 264 247
576 1332 278 242
610 1175 289 238
679 1034 303 234
779 916 315 229
898 823 330 225
1035 766 345 220
1184 742 0 237
1347 745 1 255
1521 745 358 271
1705 734 354 285
1897 715 354 295
2095 695 355 304
2299 690 0 311
2508 691 0 315
2719 691 0 320
2934 691 0 324
3151 692 4 328
3370 708 5 330
3588 737 8 330
3805 776 11 330
4021 819 11 330
4237 859 4 330
4457 868 358 330
4676 852 350 330
4891 808 345 330
5105 755 345 330
5319 706 350 330
5536 668 350 330
5753 630 350 330
5970 596 355 330
6190 585 0 330
6408 585 0 325
6624 593 5 321
6833 633 14 316
7029 706 25 312
7206 811 38 307
7350 955 52 303
7458 1124 62 298
7528 1309 77 294
7552 1503 88 297
7557 1703 85 306
7575 1909 84 312
7596 2117 84 317
7616 2329 84 321
7637 2543 84 326
7659 2761 84 330
7680 2980 84 330
7702 3199 84 330
7720 3418 87 330
7731 3638 87 330
7741 3857 91 330
7736 4077 91 330
7731 4297 91 330
7725 4517 91 329
7718 4736 95 325
7691 4949 101 320
7635 5154 112 316
7533 5337 126 311
7402 5496 129 307
7268 5650 132 303
7132 5797 132 295
7006 5934 132 259
6909 6065 117 225
6857 6198 103 211
6829 6335 98 206
6825 6471 83 202
6855 6601 68 197
6916 6717 53 201
6994 6824 53 197
7078 6924 46 193
7167 7015 46 188
7251 7107 53 184
7313 7212 64 179
7352 7324 79 186
7362 7448 94 186
7338 7569 109 182
7286 7676 124 177
7208 7764 139 173
7113 7826 155 168
7008 7861 170 164
6900 7867 185 165
6787 7849 194 183
6669 7809 200 195
6542 7762 200 213
6405 7711 200 227
6260 7656 200 243
6104 7598 197 261
5933 7548 191 276
5749 7512 189 289
5556 7491 183 298
5355 7486 180 306
5149 7485 180 312
4939 7483 180 317
4726 7482 180 321
4511 7480 180 326
4292 7478 180 330
4072 7476 180 330
3852 7474 180 330
3632 7472 180 330
3504 7472 180 330
