1036 4051 90 300
1031 4253 90 309
1025 4461 90 314
1019 4671 90 318
1012 4880 90 296
1006 5066 79 261
1010 5227 77 226
1048 5361 62 203
1120 5472 47 199
1218 5559 32 194
1333 5615 17 191
1462 5644 2 208
1604 5638 348 226
1750 5599 345 224
1896 5577 355 219
2032 5570 3 187
2154 5589 15 183
2266 5635 30 179
2360 5706 45 174
2432 5797 60 181
2482 5911 75 199
2504 6046 90 217
2492 6194 97 229
2472 6350 92 242
2482 6507 83 220
2505 6650 78 215
2545 6787 65 211
2618 6905 50 206
2717 7000 35 205
2839 7071 20 223
2984 7113 13 236
3143 7142 7 254
3315 7161 1 271
3499 7166 1 284
3691 7171 1 294
3890 7176 1 303
4094 7182 1 311
4303 7187 1 315
4514 7192 1 320
4729 7198 1 324
4946 7203 358 328
5166 7195 357 330
5386 7194 2 330
5605 7205 2 330
5825 7216 1 330
6045 7218 0 327
6258 7218 0 302
6449 7219 0 267
6622 7199 345 259
6782 7137 330 254
6922 7039 316 265
7040 6903 301 279
7125 6735 287 291
7169 6543 278 300
7200 6343 275 309
7212 6136 271 313
7217 5926 267 318
7209 5713 267 322
7202 5497 268 327
7198 5278 268 330
7194 5058 268 329
7190 4845 268 299
7186 4656 267 264
7160 4493 252 228
7103 4363 237 192
7035 4256 233 188
6949 4165 218 192
6838 4094 203 210
6701 4049 188 227
6548 4040 176 239
6385 4049 176 257
6210 4059 176 262
6043 4069 176 232
5899 4081 169 197
5782 4117 154 174
5686 4179 138 170
5610 4262 123 174
5553 4368 108 192
5523 4496 93 209
5524 4640 86 227
5533 4793 86 239
5543 4957 86 257
5545 5131 96 262
5506 5298 111 245
5435 5434 126 216
5338 5539 141 212
5220 5613 155 207
5089 5655 170 209
4946 5671 175 226
4794 5680 181 239
4632 5677 184 241
4476 5648 194 237
4323 5593 209 254
4186 5495 223 255
4072 5364 238 271
3990 5200 252 285
3949 5012 265 295
3934 4814 265 304
3921 4610 268 311
3915 4401 268 316
3911 4189 272 320
3921 3975 272 324
3931 3757 272 329
3941 3538 272 330
3952 3318 272 327
3962 3109 272 294
3987 2925 285 259
4048 2775 300 224
4133 2663 315 204
4239 2578 330 212
4371 2518 345 228
4523 2488 352 242
4688 2475 358 259
4865 2473 359 274
5051 2473 4 288
5245 2486 4 297
5445 2501 4 306
5650 2515 4 312
5859 2530 4 316
6071 2546 4 321
6276 2560 2 289
6459 2564 358 254
6621 2541 343 241
6768 2479 328 243
6901 2381 314 261
7013 2243 299 276
7092 2073 285 289
7127 1882 273 298
7140 1681 269 307
7126 1478 264 295
7097 1294 253 260
7033 1141 239 244
6936 1014 224 236
6813 919 209 232
6670 856 194 243
6507 828 180 260
6329 833 177 276
6142 841 177 289
5947 844 180 298
5747 843 180 306
5540 842 178 312
5331 846 178 317
5118 850 178 321
4903 854 178 326
4685 858 178 330
4465 863 178 330
4245 867 178 330
4025 871 178 330
3805 875 178 330
3585 880 178 330
3366 880 179 314
3226 879 180 307
3086 878 181 300
2897 886 169 265
2738 934 155 230
2616 1008 140 195
2533 1095 125 172
2476 1196 110 183
2445 1318 95 200
2445 1455 84 218
2458 1603 84 223
2472 1750 84 218
2485 1894 87 214
2474 2034 99 209
2449 2171 105 205
2397 2296 120 201
2317 2401 135 196
2214 2480 150 192
2097 2530 165 198
1962 2551 180 216
1817 2544 183 216
1674 2536 183 209
1546 2528 183 173
1440 2521 183 147
1343 2527 168 143
1252 2550 165 138
1167 2582 151 134
1095 2633 135 129
1040 2701 120 141
999 2790 105 158
980 2898 90 176
984 3019 87 188
991 3149 87 205
1005 3289 82 223
1023 3440 87 235
1032 3601 87 253
1034 3774 88 271
1035 3960 89 283
