2508 4556 0 315
2716 4554 1 319
2930 4550 1 324
3147 4546 1 328
3367 4552 1 330
3586 4558 1 323
3790 4566 7 287
3965 4609 21 251
4105 4685 36 231
4223 4791 51 249
4317 4933 65 267
4376 5104 80 280
4391 5292 94 292
4369 5488 97 296
4344 5678 97 270
4337 5847 84 235
4370 5999 69 230
4432 6138 62 226
4514 6257 47 200
4611 6340 32 186
4723 6395 17 197
4856 6425 9 215
5002 6445 0 228
5158 6448 0 245
5326 6445 356 263
5505 6434 356 277
5692 6422 356 280
5868 6411 356 245
6019 6385 341 216
6148 6324 326 212
6255 6234 311 207
6335 6122 296 211
6388 5988 281 227
6413 5836 277 241
6428 5671 273 259
6438 5495 273 274
6442 5309 268 287
6439 5115 268 297
6440 4915 271 305
6446 4709 271 312
6452 4500 271 316
6458 4288 271 320
6465 4073 271 325
6471 3855 271 329
6471 3635 267 330
6462 3415 267 330
6452 3195 267 330
6442 2976 267 330
6432 2756 267 327
6423 2543 267 301
6415 2353 266 266
6384 2187 251 249
6314 2038 236 244
6210 1914 221 240
6080 1820 207 249
5923 1756 192 267
5744 1722 188 281
5555 1706 182 292
5358 1698 178 301
5159 1711 175 291
4976 1728 169 256
4813 1767 159 248
4667 1842 144 244
4543 1945 137 239
4440 2065 122 235
4372 2205 107 231
4342 2355 92 226
4351 2506 79 235
4379 2664 81 253
4390 2832 89 251
4390 2998 89 246
4375 3160 103 242
4321 3311 117 237
4233 3440 132 233
4116 3540 147 229
3976 3612 162 247
3812 3649 173 264
3633 3669 173 279
3444 3677 180 291
3248 3674 183 300
3046 3657 185 309
2839 3645 180 313
2629 3641 180 318
2416 3638 180 322
2199 3636 179 327
1980 3638 179 330
1760 3640 179 330
1541 3641 179 326
1333 3643 179 294
1147 3638 188 258
991 3597 202 223
866 3526 217 212
762 3426 232 228
679 3294 247 246
627 3134 256 263
591 2959 261 278
568 2772 267 290
564 2576 269 299
560 2374 269 308
560 2167 270 313
562 1957 270 318
563 1744 270 322
565 1528 270 322
567 1318 270 298
579 1130 280 263
627 973 295 228
701 853 310 192
792 768 325 191
906 704 340 208
1043 664 346 225
1191 629 352 237
1353 609 356 255
1527 600 359 272
1712 598 359 285
1905 595 359 295
2104 593 359 304
2309 591 359 311
2518 588 359 316
2730 586 359 320
2944 583 359 324
3162 581 359 329
3382 578 359 330
3602 575 359 330
3822 573 359 330
4042 570 359 330
4262 567 359 330
4482 565 359 330
4702 562 359 330
4922 560 359 330
5142 559 2 330
5362 567 2 330
5582 571 359 330
5802 569 359 330
6022 566 359 330
6242 563 359 330
6462 561 359 328
6672 558 359 296
6859 572 6 261
7020 597 15 226
7154 640 24 190
7254 700 38 164
7337 771 42 160
7413 844 50 156
7471 931 65 166
7509 1040 79 183
7529 1163 83 196
7544 1297 83 213
7560 1442 85 227
7568 1597 87 243
7574 1764 87 261
7580 1942 87 276
7587 2129 87 289
7593 2325 87 298
7600 2525 87 307
7608 2732 87 312
7615 2941 87 317
7622 3154 89 321
7625 3369 89 325
7627 3587 89 330
7628 3807 90 330
7625 4027 90 330
7622 4247 90 330
7619 4467 90 330
7616 4687 90 330
7613 4907 90 330
7610 5127 90 330
7607 5347 90 330
7607 5568 89 330
7609 5788 89 330
7611 6008 89 330
7614 6228 89 330
7616 6448 89 328
7618 6662 89 306
7620 6856 89 270
7610 7025 101 235
7566 7164 116 200
7496 7276 129 202
7400 7377 141 219
7276 7459 156 232
7126 7511 164 249
6960 7549 169 266
6781 7580 170 280
6594 7611 170 292
6398 7637 175 301
6196 7639 182 310
5988 7631 182 314
5778 7625 179 318
5564 7628 179 323
5348 7630 179 327
5128 7633 179 330
4908 7635 179 330
4688 7637 179 330
4468 7640 179 330
4248 7642 179 330
4028 7637 182 330
3808 7628 180 330
3588 7629 179 330
3368 7632 179 330
3148 7634 179 330
2928 7633 180 330
2708 7630 180 330
2488 7627 180 330
2268 7624 180 330
2048 7621 180 330
1828 7618 180 330
1609 7616 180 326
1402 7613 180 290
1219 7608 186 255
1064 7572 201 226
931 7502 216 233
811 7397 230 251
715 7255 245 268
655 7084 259 281
624 6896 264 292
606 6700 265 301
590 6497 265 310
582 6289 268 314
575 6079 268 314
569 5874 268 293
564 5689 268 257
563 5527 275 222
581 5383 277 219
602 5234 283 237
640 5077 287 250
698 4921 297 243
783 4796 312 207
884 4709 327 203
1008 4646 342 220
1154 4612 351 233
1312 4588 351 250
1482 4567 354 268
1663 4556 359 281
1854 4556 0 292
2051 4556 0 301
2225 4556 0 305
2400 4556 0 309
