1613 4144 270 330
1613 3861 270 330
1608 3641 269 330
1603 3421 269 330
1598 3201 268 330
1593 2981 268 330
1588 2761 268 330
1583 2542 268 327
1578 2325 268 322
1597 2112 282 318
1667 1913 297 314
1781 1740 311 309
1933 1603 325 305
2111 1506 339 308
2310 1452 354 313
2520 1441 358 317
2733 1435 358 322
2948 1429 358 326
3167 1423 358 330
3387 1417 358 330
3607 1411 358 330
3827 1404 358 330
4047 1398 358 330
4267 1404 4 330
4486 1420 4 330
4704 1450 12 330
4919 1498 12 330
5132 1552 21 330
5333 1640 25 330
5531 1736 31 330
5716 1856 33 330
5895 1983 39 330
6061 2127 48 330
6206 2293 49 330
6334 2471 57 330
6439 2664 63 330
6529 2865 67 330
6599 3073 76 330
6600 3289 83 330
6600 3507 86 330
6600 3726 89 330
6600 3946 89 330
6600 4166 90 330
6600 4386 90 330
6600 4606 90 330
6600 4826 90 330
6600 5046 90 330
6600 5266 90 330
6600 5486 90 330
6600 5706 90 330
6600 5926 91 330
6600 6145 91 326
6600 6361 96 321
6600 6569 110 317
6476 6756 124 313
6341 6912 138 308
6173 7028 153 304
5983 7103 167 310
5777 7131 177 315
5566 7141 180 319
5352 7136 184 324
5135 7119 187 328
4917 7091 187 330
4700 7060 191 330
4484 7016 191 330
4268 6972 191 330
4053 6928 191 330
3837 6883 191 330
3622 6839 191 330
3406 6795 191 330
3191 6751 191 330
2975 6707 191 330
2763 6648 200 330
2557 6573 200 330
2350 6498 200 330
2150 6408 212 330
1976 6273 226 330
1841 6101 241 330
1752 5900 255 330
1700 5686 256 330
1657 5471 259 330
1627 5253 265 330
1614 5033 269 330
1612 4813 269 330
1610 4593 270 330
1613 4264 270 330
