542 2632 90 330
542 2755 90 330
542 2975 90 330
542 3195 90 330
542 3415 90 330
542 3635 90 330
542 3855 90 330
542 4075 90 330
542 4295 90 330
541 4515 90 330
540 4735 90 330
539 4955 90 330
538 5175 90 330
537 5395 90 330
536 5615 90 330
535 5835 90 330
534 6055 90 330
533 6275 90 330
532 6495 90 330
531 6712 90 310
530 6909 86 279
564 7090 71 275
641 7255 56 270
755 7393 42 266
899 7502 27 280
1073 7575 13 292
1266 7614 6 300
1467 7636 3 309
1675 7649 3 314
1885 7661 357 318
2098 7654 357 323
2314 7646 357 327
2533 7639 357 330
2753 7631 357 330
2973 7623 357 330
3193 7611 350 330
3406 7558 336 330
3599 7454 322 330
3761 7306 308 330
3881 7123 294 330
3954 6916 280 330
3973 6697 265 330
3938 6480 253 330
3875 6270 253 330
3811 6059 253 330
3757 5846 260 330
3720 5629 260 330
3684 5412 261 330
3658 5194 265 330
3644 4974 270 330
3644 4754 270 330
3645 4534 270 330
3645 4314 270 330
3644 4094 267 330
3633 3874 267 330
3625 3654 272 330
3653 3437 281 330
3700 3222 288 330
3788 3021 302 330
3922 2847 316 330
4094 2711 331 330
4295 2622 343 330
4506 2561 348 330
4723 2523 355 330
4942 2509 359 329
5160 2512 6 325
5364 2558 20 296
5530 2642 35 261
5656 2755 49 250
5750 2893 64 259
5812 3058 78 275
5831 3243 91 288
5825 3437 91 297
5817 3637 96 306
5795 3842 96 312
5773 4050 96 316
5750 4261 96 320
5727 4475 96 325
5711 4692 93 329
5699 4912 91 330
5692 5132 91 330
5686 5352 90 330
5684 5572 90 330
5683 5792 90 330
5681 6012 90 330
5679 6232 90 330
5677 6451 90 323
5676 6658 90 300
5675 6857 87 296
5705 7051 73 292
5781 7228 58 287
5897 7378 44 283
6044 7493 29 278
6215 7571 15 289
6405 7614 9 298
6605 7641 4 307
6811 7648 356 313
7017 7615 342 310
7203 7534 328 291
7354 7415 314 286
7471 7265 299 290
7552 7088 285 299
7596 6891 279 308
7623 6686 276 313
7640 6477 273 317
7654 6265 269 322
7653 6049 269 326
7652 5830 269 330
7650 5610 269 330
7649 5390 269 330
7647 5170 269 330
7646 4950 269 330
7645 4730 269 330
7643 4510 269 330
7642 4290 269 330
7640 4070 269 330
7639 3850 269 330
7637 3630 269 330
7636 3410 269 330
7635 3190 269 330
7633 2970 269 330
7632 2750 269 330
7630 2530 269 330
7629 2310 269 330
7627 2090 269 330
7626 1870 269 330
7625 1651 269 319
7623 1449 269 287
7619 1259 263 282
7578 1077 249 278
7495 913 234 273
7375 778 220 274
7223 671 205 287
7043 602 191 296
6845 576 184 305
6640 560 184 312
6431 548 181 316
6219 542 181 320
6004 536 180 325
5786 539 178 329
5566 543 178 330
5346 548 180 330
5126 548 180 330
4906 547 180 330
4686 546 180 330
4466 545 180 330
4246 544 180 330
4026 543 180 330
3806 542 180 330
3586 541 180 330
3366 540 180 330
3146 539 180 330
2926 538 180 330
2706 537 180 330
2486 537 180 330
2266 536 180 330
2046 535 180 330
1826 534 180 329
1607 533 180 324
1472 538 177 318
1337 543 175 310
1119 574 165 300
916 652 151 290
753 767 136 281
634 908 122 277
549 1075 107 290
512 1257 93 298
519 1430 81 307
547 1635 84 313
551 1844 91 317
544 2057 91 322
543 2274 90 326
542 2415 90 330
542 2556 90 330
