7109 4534 271 320
7113 4392 271 286
7114 4251 265 251
7084 4097 250 215
7026 3978 235 180
6949 3890 220 172
6853 3826 205 181
6735 3784 191 199
6601 3756 191 216
6456 3726 188 229
6301 3705 185 246
6133 3688 185 264
5954 3677 181 279
5765 3672 181 283
5585 3667 181 251
5428 3667 174 216
5292 3689 166 202
5164 3728 159 198
5039 3777 157 212
4915 3845 147 210
4801 3925 138 206
4711 4026 127 201
4642 4140 112 197
4607 4265 97 192
4605 4392 82 188
4636 4512 67 183
4695 4617 52 179
4778 4701 37 175
4875 4771 35 184
4975 4842 35 191
5073 4918 44 184
5150 5013 59 180
5198 5123 74 184
5221 5248 85 202
5219 5387 100 220
5188 5533 105 232
5129 5679 120 237
5034 5804 135 233
4912 5902 150 244
4763 5977 156 261
4595 6035 167 276
4412 6075 170 289
4220 6097 179 286
4031 6096 180 282
3844 6094 180 277
3660 6092 183 273
3479 6073 186 277
3293 6045 194 290
3110 5983 205 288
2936 5900 209 294
2773 5792 219 291
2638 5654 229 287
2523 5503 236 282
2438 5336 248 278
2383 5160 256 280
2348 4973 267 289
2338 4782 267 285
2328 4593 267 281
2318 4403 267 291
2308 4207 267 295
2298 4010 267 298
2288 3812 269 294
2296 3615 275 298
2331 3421 287 293
2395 3238 295 289
2487 3070 305 285
2614 2931 320 280
2769 2829 334 276
2942 2771 349 271
3122 2756 3 278
3309 2780 9 290
3502 2812 9 299
3701 2846 9 308
3905 2879 5 313
4114 2896 3 318
4327 2910 3 322
4543 2920 359 326
4762 2918 359 330
4982 2917 359 330
5202 2918 5 330
5421 2937 5 330
5640 2955 2 330
5860 2962 358 330
6080 2955 358 330
6298 2928 344 330
6508 2863 335 330
6699 2755 321 330
6858 2604 307 330
6975 2419 293 330
7043 2210 278 330
7073 1992 277 330
7087 1773 268 330
7074 1554 260 330
7019 1341 249 330
6930 1140 237 330
6798 966 223 330
6627 829 209 330
6427 738 195 330
6213 687 192 330
5998 639 191 330
5781 608 186 330
5561 591 181 330
5341 594 178 330
5121 598 181 330
4901 594 181 330
4681 590 181 330
4461 585 181 330
4241 581 181 330
4021 581 178 330
3801 587 178 330
3581 594 178 330
3361 600 178 330
3142 607 178 330
2922 614 178 330
2702 620 178 330
2483 627 178 325
2267 634 178 321
2054 640 178 317
1844 656 171 315
1644 710 156 310
1464 810 142 311
1310 950 128 315
1194 1126 114 320
1123 1328 100 324
1095 1544 95 328
1077 1762 90 330
1076 1982 90 330
1075 2202 90 330
1075 2423 90 330
1074 2643 90 330
1073 2863 90 330
1073 3083 90 330
1072 3303 90 330
1072 3523 90 330
1071 3743 90 330
1070 3963 90 330
1070 4183 90 330
1069 4403 90 330
1069 4623 90 330
1068 4843 90 330
1068 5063 90 330
1067 5283 90 330
1066 5503 90 330
1066 5723 90 330
1065 5943 90 330
1065 6163 90 328
1064 6381 90 324
1063 6596 88 319
1088 6806 78 315
1151 7005 64 310
1256 7182 53 306
1395 7329 38 302
1563 7436 24 297
1751 7500 11 302
1950 7541 11 310
2156 7570 4 315
2367 7587 4 319
2580 7604 4 323
2797 7615 1 328
3016 7621 358 330
3236 7617 358 330
3456 7613 358 330
3676 7608 358 330
3896 7604 358 330
4116 7599 358 330
4336 7595 358 330
4556 7590 358 330
4776 7586 358 330
4996 7581 358 330
5216 7577 358 330
5435 7573 358 325
5651 7568 358 321
5863 7564 358 316
6073 7558 354 312
6277 7521 347 307
6476 7476 347 303
6667 7415 334 299
6835 7311 320 294
6972 7170 305 298
7074 6998 291 307
7133 6801 277 312
7141 6592 263 317
7110 6382 264 321
7107 6166 274 326
7123 5948 270 330
7120 5729 268 330
7115 5509 268 330
7110 5289 268 330
7105 5069 268 330
7101 4849 268 330
7096 4741 268 330
7091 4634 268 330
